00	00	00	00	00	00	00	00	00	00	00	00	00
OCR++:	0	0.0	1.0	0.72	1	0	0	65.4231	100.215	53.0092	0	0
A	0	0.0	1.0	0.72	1	0	0	65.4231	157.672	10.358	0	0
Robust	0	0.0	1.0	0.72	1	0	0	65.4231	171.616	43.5551	0	0
Framework	0	0.0	1.0	0.72	1	0	0	65.4231	218.758	72.3622	0	0
For	0	0.0	1.0	0.72	1	0	0	65.4231	294.706	21.9497	0	0
Information	0	0.0	1.0	0.72	1	0	0	65.4231	320.243	74.5572	0	0
Extraction	0	0.0	1.0	0.72	1	0	0	65.4231	398.386	65.3469	0	0
from	0	0.0	1.0	0.72	0	0	0	65.4231	467.32	30.0123	0	0
00	00	00	00	00	00	00	00	00	00	00	00	00
00	00	00	00	00	00	00	00	00	00	00	00	00
00	00	00	00	00	00	00	00	00	00	00	00	00
Scholarly	0	0.0	0	0.72	1	0	0	81.3631	243.984	58.1882	0	0
Articles	0	0.0	0	0.72	1	0	0	81.3631	305.759	47.8015	0	0
00	00	00	00	00	00	00	00	00	00	00	00	00
00	00	00	00	00	00	00	00	00	00	00	00	00
00	00	00	00	00	00	00	00	00	00	00	00	00
Mayank	0	0.0	0	0.6	1	0	0	105.866	136.457	42.5127	0	0
Singh,	0	0.0	0	0.6	1	1	0	105.866	181.958	32.2312	0	0
Barnopriyo	0	0.0	0	0.6	1	0	0	105.866	217.179	58.6403	0	0
Barua,	0	0.0	0	0.6	1	1	0	105.866	278.808	34.8733	0	0
Priyank	0	0.0	0	0.6	1	0	0	105.866	316.67	41.1857	0	0
Palod,	0	0.0	0	0.6	1	1	0	105.866	360.844	32.0997	0	0
Manvi	0	0.0	0	0.6	1	0	0	105.866	395.933	32.7333	0	0
Garg,	0	0.0	0	0.6	1	1	0	105.866	431.655	29.4337	0	0
00	00	00	00	00	00	00	00	00	00	00	00	00
00	00	00	00	00	00	00	00	00	00	00	00	00
00	00	00	00	00	00	00	00	00	00	00	00	00
Sidhartha	0	0.01	0	0.6	1	0	0	119.813	76.228	51.1563	0	0
Satapathy,	0	0.01	0	0.6	1	1	0	119.813	130.373	53.9658	0	0
Samuel	0	0.01	0	0.6	1	0	0	119.813	187.328	37.8621	0	0
Bushi,	0	0.01	0	0.6	1	1	0	119.813	228.179	32.2312	0	0
Kumar	0	0.01	0	0.6	1	0	0	119.813	263.399	37.0133	0	0
Ayush,	0	0.01	0	0.6	1	1	0	119.813	303.401	34.6581	0	0
Krishna	0	0.01	0	0.6	1	0	0	119.813	341.048	41.8552	0	0
Sai	0	0.01	0	0.6	1	0	0	119.813	385.892	15.9482	0	0
Rohith,	0	0.01	0	0.6	1	1	0	119.813	404.829	38.1969	0	0
Tulasi	0	0.01	0	0.6	1	0	0	119.813	446.014	30.7966	0	0
Gamidi,	0	0.01	0	0.6	1	1	0	119.813	479.8	41.5204	0	0
00	00	00	00	00	00	00	00	00	00	00	00	00
00	00	00	00	00	00	00	00	00	00	00	00	00
00	00	00	00	00	00	00	00	00	00	00	00	00
Pawan	0	0.01	0	0.6	1	0	0	133.761	199.867	34.419	0	0
Goyal	0	0.01	0	0.6	1	0	0	133.761	237.275	30.5575	0	0
and	0	0.01	0	0.6	0	0	1	133.761	270.821	19.2718	0	0
Animesh	0	0.01	0	0.6	1	0	0	133.761	293.082	45.1667	0	0
Mukherjee	0	0.01	0	0.6	1	0	0	133.761	341.237	56.4405	0	0
00	00	00	00	00	00	00	00	00	00	00	00	00
00	00	00	00	00	00	00	00	00	00	00	00	00
00	00	00	00	00	00	00	00	00	00	00	00	00
Department	0	0.01	0	0.6	1	0	0	147.852	177.751	56.4405	0	0
of	0	0.01	0	0.6	0	0	1	147.852	237.18	9.95868	0	0
Computer	0	0.01	0	0.6	1	0	0	147.852	250.128	47.8208	0	0
Science	0	0.01	0	0.6	1	0	0	147.852	300.937	37.1807	0	0
and	0	0.01	0	0.6	0	0	1	147.852	341.107	17.2633	0	0
Engineering	0	0.01	0	0.6	1	0	0	147.852	361.359	58.437	0	0
00	00	00	00	00	00	00	00	00	00	00	00	00
00	00	00	00	00	00	00	00	00	00	00	00	00
00	00	00	00	00	00	00	00	00	00	00	00	00
Indian	0	0.01	0	0.6	1	0	0	161.799	170.494	30.5455	0	0
Institute	0	0.01	0	0.6	1	0	0	161.799	204.028	39.1891	0	0
of	0	0.01	0	0.6	0	0	1	161.799	246.206	9.95868	0	0
Technology,	0	0.01	0	0.6	1	1	0	161.799	259.154	58.4848	0	0
Kharagpur,	0	0.01	0	0.6	1	1	0	161.799	320.627	53.631	0	0
WB,	0	0.01	0	0.6	1	1	0	161.799	377.247	22.2486	0	0
India	0	0.01	0	0.6	1	0	0	161.799	402.485	24.5679	0	0
00	00	00	00	00	00	00	00	00	00	00	00	00
00	00	00	00	00	00	00	00	00	00	00	00	00
00	00	00	00	00	00	00	00	00	00	00	00	00
mayank.singh@cse.iitkgp.ernet.in	0	0.01	0	0.6	0	0	0	175.747	217.226	163.093	0	0
00	00	00	00	00	00	00	00	00	00	00	00	00
00	00	00	00	00	00	00	00	00	00	00	00	00
00	00	00	00	00	00	00	00	00	00	00	00	00
Abstract	0	0.01	0	0.6	1	0	0	209.841	276.529	44.4853	0	0
00	00	00	00	00	00	00	00	00	00	00	00	00
00	00	00	00	00	00	00	00	00	00	00	00	00
00	00	00	00	00	00	00	00	00	00	00	00	00
This	0	0.02	0	0.55	1	0	0	233.906	89.008	19.3964	0	0
paper	0	0.02	0	0.55	0	0	0	233.906	111.71	24.2291	0	0
proposes	0	0.02	0	0.55	0	0	0	233.906	139.244	38.7819	0	0
OCR++,	0	0.02	0	0.55	1	1	0	234.015	181.327	39.2733	0	0
an	0	0.02	0	0.55	0	0	0	233.906	224.048	10.2982	0	0
open-source	0	0.02	0	0.55	0	0	0	233.906	237.651	53.3128	0	0
framework	0	0.02	0	0.55	0	0	0	233.906	294.269	47.4764	0	0
designed	0	0.02	0	0.55	0	0	0	233.906	345.051	38.7819	0	0
for	0	0.02	0	0.55	0	0	0	233.906	387.139	12.72	0	0
a	0	0.02	0	0.55	0	0	0	233.906	403.153	4.84364	0	0
variety	0	0.02	0	0.55	0	0	0	233.906	411.302	30.0218	0	0
of	0	0.02	0	0.55	0	0	1	233.906	444.63	9.08728	0	0
information	0	0.02	0	0.55	0	0	0	233.906	457.022	51.5128	0	0
00	00	00	00	00	00	00	00	00	00	00	00	00
00	00	00	00	00	00	00	00	00	00	00	00	00
00	00	00	00	00	00	00	00	00	00	00	00	00
extraction	0	0.02	0	0.55	0	0	0	247.455	89.008	43.4619	0	0
tasks	0	0.02	0	0.55	0	0	0	247.455	136.179	21.8182	0	0
from	0	0.02	0	0.55	0	0	0	247.455	161.695	21.2073	0	0
scholarly	0	0.02	0	0.55	0	0	0	247.455	186.612	39.9928	0	0
articles	0	0.02	0	0.55	0	0	0	247.455	230.303	31.5055	0	0
including	0	0.02	0	0.55	0	0	0	247.455	265.517	41.2146	0	0
metadata	0	0.02	0	0.55	0	0	0	247.455	310.43	39.3819	0	0
(title,	0	0.02	0	0.55	0	1	0	247.455	353.521	23.3346	0	0
author	0	0.02	0	0.55	0	0	0	247.455	380.805	27.8728	0	0
names,	0	0.02	0	0.55	0	1	0	247.455	412.376	30.6	0	0
afﬁliation	0	0.02	0	0.55	0	0	0	247.455	446.925	42.1528	0	0
and	0	0.02	0	0.55	0	0	1	247.455	492.787	15.7527	0	0
00	00	00	00	00	00	00	00	00	00	00	00	00
00	00	00	00	00	00	00	00	00	00	00	00	00
00	00	00	00	00	00	00	00	00	00	00	00	00
e-mail),	0	0.02	0	0.55	0	1	0	261.004	89.008	34.2328	0	0
structure	0	0.02	0	0.55	0	0	0	261.004	127.321	38.1709	0	0
(section	0	0.02	0	0.55	0	0	0	261.004	169.31	34.5382	0	0
headings	0	0.02	0	0.55	0	0	0	261.004	207.655	38.7819	0	0
and	0	0.02	0	0.55	0	0	1	261.004	250.244	15.7527	0	0
body	0	0.02	0	0.55	0	0	0	261.004	269.815	21.8182	0	0
text,	0	0.02	0	0.55	0	1	0	261.004	295.441	18.9273	0	0
table	0	0.02	0	0.55	0	0	0	261.004	318.448	21.2073	0	0
and	0	0.02	0	0.55	0	0	1	261.004	343.474	15.7527	0	0
ﬁgure	0	0.02	0	0.55	0	0	0	261.004	363.034	25.4509	0	0
headings,	0	0.02	0	0.55	0	1	0	261.004	392.303	41.5091	0	0
URLs	0	0.02	0	0.55	1	0	0	261.004	437.892	26.0618	0	0
and	0	0.02	0	0.55	0	0	1	261.004	467.761	15.7527	0	0
foot-	0	0.02	0	0.55	0	0	0	261.004	487.332	21.2073	0	0
00	00	00	00	00	00	00	00	00	00	00	00	00
00	00	00	00	00	00	00	00	00	00	00	00	00
00	00	00	00	00	00	00	00	00	00	00	00	00
notes)	0	0.02	0	0.55	0	0	0	274.553	89.008	26.6618	0	0
and	0	0.02	0	0.55	0	0	1	274.553	118.233	15.7527	0	0
bibliography	0	0.02	0	0.55	0	0	0	274.553	136.539	55.7019	0	0
(citation	0	0.02	0	0.55	0	0	0	274.553	194.804	36.36	0	0
instances	0	0.02	0	0.55	0	0	0	274.553	233.717	39.9928	0	0
and	0	0.02	0	0.55	0	0	1	274.553	276.274	15.7527	0	0
references).	0	0.02	0	0.55	0	0	0	274.553	294.579	51.1746	0	0
We	0	0.02	0	0.55	1	0	0	274.553	349.081	14.2691	0	0
analyze	0	0.02	0	0.55	0	0	0	274.553	365.914	33.3164	0	0
a	0	0.02	0	0.55	0	0	0	274.553	401.783	4.84364	0	0
diverse	0	0.02	0	0.55	0	0	0	274.553	409.19	31.0691	0	0
set	0	0.02	0	0.55	0	0	0	274.553	442.823	12.12	0	0
of	0	0.02	0	0.55	0	0	1	274.553	457.496	9.08728	0	0
scientiﬁc	0	0.02	0	0.55	0	0	0	274.553	469.146	39.3928	0	0
00	00	00	00	00	00	00	00	00	00	00	00	00
00	00	00	00	00	00	00	00	00	00	00	00	00
00	00	00	00	00	00	00	00	00	00	00	00	00
articles	0	0.02	0	0.55	0	0	0	288.103	89.008	31.5055	0	0
written	0	0.02	0	0.55	0	0	0	288.103	124.015	30.9055	0	0
in	0	0.02	0	0.55	0	0	0	288.103	158.423	8.48728	0	0
English	0	0.02	0	0.55	1	0	0	288.103	170.412	33.3382	0	0
language	0	0.02	0	0.55	0	0	0	288.103	207.252	39.3819	0	0
to	0	0.02	0	0.55	0	0	0	288.103	250.135	8.48728	0	0
understand	0	0.02	0	0.55	0	0	0	288.103	262.125	47.8691	0	0
generic	0	0.02	0	0.55	0	0	0	288.103	313.495	32.1055	0	0
writing	0	0.02	0	0.55	0	0	0	288.103	349.103	31.5164	0	0
patterns	0	0.02	0	0.55	0	0	0	288.103	384.121	34.5382	0	0
and	0	0.02	0	0.55	0	0	1	288.103	422.161	15.7527	0	0
formulate	0	0.02	0	0.55	0	0	0	288.103	441.416	42.4146	0	0
rules	0	0.02	0	0.55	0	0	0	288.103	487.332	21.2073	0	0
00	00	00	00	00	00	00	00	00	00	00	00	00
00	00	00	00	00	00	00	00	00	00	00	00	00
00	00	00	00	00	00	00	00	00	00	00	00	00
to	0	0.02	0	0.55	0	0	0	301.652	89.008	8.48728	0	0
develop	0	0.02	0	0.55	0	0	0	301.652	101.783	34.1018	0	0
this	0	0.02	0	0.55	0	0	0	301.652	140.161	15.7636	0	0
hybrid	0	0.02	0	0.55	0	0	0	301.652	160.212	28.4291	0	0
framework.	0	0.02	0	0.55	0	0	0	301.652	192.928	50.2037	0	0
Extensive	0	0.02	0	0.55	1	0	0	301.652	251.183	42.5891	0	0
evaluations	0	0.02	0	0.55	0	0	0	301.652	298.048	49.1455	0	0
show	0	0.02	0	0.55	0	0	0	301.652	351.481	22.7564	0	0
that	0	0.02	0	0.55	0	0	0	301.652	378.525	16.3637	0	0
the	0	0.02	0	0.55	0	0	0	301.652	399.165	13.3309	0	0
proposed	0	0.02	0	0.55	0	0	0	301.652	416.783	39.9928	0	0
framework	0	0.02	0	0.55	0	0	0	301.652	461.063	47.4764	0	0
00	00	00	00	00	00	00	00	00	00	00	00	00
00	00	00	00	00	00	00	00	00	00	00	00	00
00	00	00	00	00	00	00	00	00	00	00	00	00
outperforms	0	0.03	0	0.55	0	0	0	315.201	89.008	53.3237	0	0
the	0	0.03	0	0.55	0	0	0	315.201	145.037	13.3309	0	0
existing	0	0.03	0	0.55	0	0	0	315.201	161.084	34.3855	0	0
state-of-the-art	0	0.03	0	0.55	0	0	0	315.201	198.175	64.8219	0	0
tools	0	0.03	0	0.55	0	0	0	315.201	265.714	21.2182	0	0
with	0	0.03	0	0.55	0	0	0	315.201	289.637	19.3964	0	0
huge	0	0.03	0	0.55	0	0	0	315.201	311.75	21.2073	0	0
margin	0	0.03	0	0.55	0	0	0	315.201	335.663	30.7091	0	0
in	0	0.03	0	0.55	0	0	0	315.201	369.077	8.48728	0	0
structural	0	0.03	0	0.55	0	0	0	315.201	380.281	41.2037	0	0
information	0	0.03	0	0.55	0	0	0	315.201	424.19	51.5128	0	0
extrac-	0	0.03	0	0.55	0	0	0	315.201	478.419	30.12	0	0
00	00	00	00	00	00	00	00	00	00	00	00	00
00	00	00	00	00	00	00	00	00	00	00	00	00
00	00	00	00	00	00	00	00	00	00	00	00	00
tion	0	0.03	0	0.55	0	0	0	328.75	89.008	16.9746	0	0
along	0	0.03	0	0.55	0	0	0	328.75	109.877	24.24	0	0
with	0	0.03	0	0.55	0	0	0	328.75	138.023	19.3964	0	0
improved	0	0.03	0	0.55	0	0	0	328.75	161.314	41.4873	0	0
performance	0	0.03	0	0.55	0	0	0	328.75	206.706	55.1237	0	0
in	0	0.03	0	0.55	0	0	0	328.75	265.725	8.48728	0	0
metadata	0	0.03	0	0.55	0	0	0	328.75	278.117	39.3819	0	0
and	0	0.03	0	0.55	0	0	1	328.75	321.394	15.7527	0	0
bibliography	0	0.03	0	0.55	0	0	0	328.75	341.052	55.7019	0	0
extraction	0	0.03	0	0.55	0	0	0	328.75	400.648	43.4619	0	0
tasks,	0	0.03	0	0.55	0	1	0	328.75	448.016	24.5455	0	0
both	0	0.03	0	0.55	0	0	0	328.75	476.75	19.3964	0	0
in	0	0.03	0	0.55	0	0	0	328.75	500.052	8.48728	0	0
00	00	00	00	00	00	00	00	00	00	00	00	00
00	00	00	00	00	00	00	00	00	00	00	00	00
00	00	00	00	00	00	00	00	00	00	00	00	00
terms	0	0.03	0	0.55	0	0	0	342.299	89.008	24.24	0	0
of	0	0.03	0	0.55	0	0	1	342.299	116.183	9.08728	0	0
accuracy	0	0.03	0	0.55	0	0	0	342.299	128.204	38.5964	0	0
(around	0	0.03	0	0.55	0	0	0	342.299	169.724	33.9273	0	0
50%	0	0.03	0	0.55	0	0	0	342.299	206.586	19.9964	0	0
improvement)	0	0.03	0	0.55	0	0	0	342.299	229.517	61.4837	0	0
and	0	0.03	0	0.55	0	0	1	342.299	293.935	15.7527	0	0
processing	0	0.03	0	0.55	0	0	0	342.299	312.623	46.6582	0	0
time	0	0.03	0	0.55	0	0	0	342.299	362.205	19.3964	0	0
(around	0	0.03	0	0.55	0	0	0	342.299	384.536	33.9273	0	0
52%	0	0.03	0	0.55	0	0	0	342.299	421.397	19.9964	0	0
improvement).	0	0.03	0	0.55	0	0	0	342.299	444.328	64.211	0	0
00	00	00	00	00	00	00	00	00	00	00	00	00
00	00	00	00	00	00	00	00	00	00	00	00	00
00	00	00	00	00	00	00	00	00	00	00	00	00
A	0	0.03	0	0.55	1	0	0	355.849	89.008	7.87637	0	0
user	0	0.03	0	0.55	0	0	0	355.849	100.321	18.1746	0	0
experience	0	0.03	0	0.55	0	0	0	355.849	121.932	47.0837	0	0
study	0	0.03	0	0.55	0	0	0	355.849	172.463	23.64	0	0
conducted	0	0.03	0	0.55	0	0	0	355.849	199.539	44.8364	0	0
with	0	0.03	0	0.55	0	0	0	355.849	247.812	19.3964	0	0
the	0	0.03	0	0.55	0	0	0	355.849	270.645	13.3309	0	0
help	0	0.03	0	0.55	0	0	0	355.849	287.412	18.7855	0	0
of	0	0.03	0	0.55	0	0	1	355.849	309.645	9.08728	0	0
30	0	0.03	0	0.55	0	0	0	355.849	322.168	10.9091	0	0
researchers	0	0.03	0	0.55	0	0	0	355.849	336.514	49.0582	0	0
reveals	0	0.03	0	0.55	0	0	0	355.849	389.008	30.4582	0	0
that	0	0.03	0	0.55	0	0	0	355.849	422.903	16.3637	0	0
the	0	0.03	0	0.55	0	0	0	355.849	442.714	13.3309	0	0
researchers	0	0.03	0	0.55	0	0	0	355.849	459.481	49.0582	0	0
00	00	00	00	00	00	00	00	00	00	00	00	00
00	00	00	00	00	00	00	00	00	00	00	00	00
00	00	00	00	00	00	00	00	00	00	00	00	00
found	0	0.03	0	0.55	0	0	0	369.398	89.008	25.4509	0	0
this	0	0.03	0	0.55	0	0	0	369.398	117.284	15.7636	0	0
system	0	0.03	0	0.55	0	0	0	369.398	135.873	30.3055	0	0
to	0	0.03	0	0.55	0	0	0	369.398	169.004	8.48728	0	0
be	0	0.03	0	0.55	0	0	0	369.398	180.317	10.2982	0	0
very	0	0.03	0	0.55	0	0	0	369.398	193.441	19.2218	0	0
helpful.	0	0.03	0	0.55	0	0	0	369.398	215.488	33.6218	0	0
As	0	0.03	0	0.55	1	0	0	369.398	252.786	12.12	0	0
an	0	0.03	0	0.55	0	0	0	369.398	267.732	10.2982	0	0
additional	0	0.03	0	0.55	0	0	0	369.398	280.855	43.6364	0	0
objective,	0	0.03	0	0.55	0	1	0	369.398	327.317	42.2837	0	0
we	0	0.03	0	0.55	0	0	0	369.398	372.448	12.72	0	0
discuss	0	0.03	0	0.55	0	0	0	369.398	387.994	31.5164	0	0
two	0	0.03	0	0.55	0	0	0	369.398	422.336	16.2546	0	0
novel	0	0.03	0	0.55	0	0	0	369.398	441.416	23.9127	0	0
use	0	0.03	0	0.55	0	0	0	369.398	468.154	14.5418	0	0
cases	0	0.03	0	0.55	0	0	0	369.398	485.521	23.0182	0	0
00	00	00	00	00	00	00	00	00	00	00	00	00
00	00	00	00	00	00	00	00	00	00	00	00	00
00	00	00	00	00	00	00	00	00	00	00	00	00
including	0	0.03	0	0.55	0	0	0	382.947	89.008	41.2146	0	0
automatically	0	0.03	0	0.55	0	0	0	382.947	133.855	59.3891	0	0
extracting	0	0.03	0	0.55	0	0	0	382.947	196.866	43.4619	0	0
links	0	0.03	0	0.55	0	0	0	382.947	243.961	21.2182	0	0
to	0	0.03	0	0.55	0	0	0	382.947	268.812	8.48728	0	0
public	0	0.03	0	0.55	0	0	0	382.947	280.921	27.2728	0	0
datasets	0	0.03	0	0.55	0	0	0	382.947	311.826	34.5382	0	0
from	0	0.03	0	0.55	0	0	0	382.947	349.986	21.2073	0	0
the	0	0.03	0	0.55	0	0	0	382.947	374.826	13.3309	0	0
proceedings,	0	0.03	0	0.55	0	1	0	382.947	391.79	55.44	0	0
which	0	0.03	0	0.55	0	0	0	382.947	451.081	26.6618	0	0
would	0	0.03	0	0.55	0	0	0	382.947	481.376	27.1637	0	0
00	00	00	00	00	00	00	00	00	00	00	00	00
00	00	00	00	00	00	00	00	00	00	00	00	00
00	00	00	00	00	00	00	00	00	00	00	00	00
further	0	0.03	0	0.55	0	0	0	396.496	89.008	29.6837	0	0
accelerate	0	0.03	0	0.55	0	0	0	396.496	122.15	43.6037	0	0
the	0	0.03	0	0.55	0	0	0	396.496	169.201	13.3309	0	0
advancement	0	0.03	0	0.55	0	0	0	396.496	185.99	57.2837	0	0
in	0	0.03	0	0.55	0	0	0	396.496	246.732	8.48728	0	0
digital	0	0.03	0	0.55	0	0	0	396.496	258.666	27.8837	0	0
libraries.	0	0.03	0	0.55	0	0	0	396.496	290.008	38.4764	0	0
The	0	0.03	0	0.55	1	0	1	396.496	334.048	16.9637	0	0
result	0	0.03	0	0.55	0	0	0	396.496	354.47	24.24	0	0
of	0	0.03	0	0.55	0	0	1	396.496	382.157	9.08728	0	0
the	0	0.03	0	0.55	0	0	0	396.496	394.703	13.3309	0	0
framework	0	0.03	0	0.55	0	0	0	396.496	411.492	47.4764	0	0
can	0	0.03	0	0.55	0	0	0	396.496	462.416	15.1418	0	0
be	0	0.03	0	0.55	0	0	0	396.496	481.016	10.2982	0	0
ex-	0	0.03	0	0.55	0	0	0	396.496	494.772	13.7673	0	0
00	00	00	00	00	00	00	00	00	00	00	00	00
00	00	00	00	00	00	00	00	00	00	00	00	00
00	00	00	00	00	00	00	00	00	00	00	00	00
ported	0	0.04	0	0.55	0	0	0	410.045	89.008	27.8728	0	0
as	0	0.04	0	0.55	0	0	0	410.045	120.099	9.08728	0	0
a	0	0.04	0	0.55	0	0	0	410.045	132.415	4.84364	0	0
whole	0	0.04	0	0.55	0	0	0	410.045	140.477	26.6618	0	0
into	0	0.04	0	0.55	0	0	0	410.045	170.357	16.9746	0	0
structured	0	0.04	0	0.55	0	0	0	410.045	190.561	43.6255	0	0
TEI-encoded	0	0.04	0	0.55	1	0	0	410.045	237.404	56.9455	0	0
documents.	0	0.04	0	0.55	0	0	0	410.045	297.568	49.9964	0	0
Our	0	0.04	0	0.55	1	0	0	410.045	352.43	16.9637	0	0
framework	0	0.04	0	0.55	0	0	0	410.045	372.623	47.4764	0	0
is	0	0.04	0	0.55	0	0	0	410.045	423.317	7.27637	0	0
accessible	0	0.04	0	0.55	0	0	0	410.045	433.812	44.2255	0	0
online	0	0.04	0	0.55	0	0	0	410.045	481.267	27.2728	0	0
00	00	00	00	00	00	00	00	00	00	00	00	00
00	00	00	00	00	00	00	00	00	00	00	00	00
00	00	00	00	00	00	00	00	00	00	00	00	00
at	0	0.04	0	0.55	0	0	0	423.595	89.008	7.87637	0	0
http://cnergres.iitkgp.ac.in/OCR++/home/.	0	0.04	0	0.55	0	0	0	423.704	99.611	187.852	0	0
00	00	00	00	00	00	00	00	00	00	00	00	00
00	00	00	00	00	00	00	00	00	00	00	00	00
00	00	00	00	00	00	00	00	00	00	00	00	00
1	0	0.04	0	0.6	0	0	0	446.352	72	5.9776	0	0
Introduction	0	0.04	0	0.6	1	0	0	446.352	89.9328	64.8809	0	0
00	00	00	00	00	00	00	00	00	00	00	00	00
00	00	00	00	00	00	00	00	00	00	00	00	00
00	00	00	00	00	00	00	00	00	00	00	00	00
Obtaining	0	0.04	0	0.55	1	0	0	468.064	72	43.6364	0	0
structured	0	0.04	0	0.55	0	0	0	468.064	119.76	43.6255	0	0
data	0	0.04	0	0.55	0	0	0	468.064	167.509	18.1746	0	0
from	0	0.04	0	0.55	0	0	0	468.064	189.807	21.2073	0	0
documents	0	0.04	0	0.55	0	0	0	468.064	215.149	47.2582	0	0
is	0	0.04	0	0.55	0	0	0	468.064	266.542	7.27637	0	0
necessary	0	0.04	0	0.55	0	0	0	468.064	277.942	42.4037	0	0
to	0	0.04	0	0.55	0	0	0	468.064	324.469	8.48728	0	0
support	0	0.04	0	0.55	0	0	0	468.064	337.08	32.7273	0	0
retrieval	0	0.04	0	0.55	0	0	0	468.064	373.931	35.8037	0	0
tasks	0	0.04	0	0.55	0	0	0	468.064	413.858	21.8182	0	0
(Beel	0	0.04	0	0.55	0	0	0	468.064	439.8	23.6291	0	0
et	0	0.04	0	0.55	0	0	0	468.064	467.564	7.87637	0	0
al.,	0	0.04	0	0.55	0	1	0	468.064	479.564	13.3309	0	0
2011).	0	0.04	0	0.55	0	0	0	468.064	497.368	28.1782	0	0
00	00	00	00	00	00	00	00	00	00	00	00	00
00	00	00	00	00	00	00	00	00	00	00	00	00
00	00	00	00	00	00	00	00	00	00	00	00	00
Various	0	0.04	0	0.55	1	0	0	481.613	72	33.3273	0	0
scholarly	0	0.04	0	0.55	0	0	0	481.613	108.764	39.9928	0	0
organizations	0	0.04	0	0.55	0	0	0	481.613	152.182	58.5273	0	0
and	0	0.04	0	0.55	0	0	1	481.613	214.146	15.7527	0	0
companies	0	0.04	0	0.55	0	0	0	481.613	233.335	46.6473	0	0
deploy	0	0.04	0	0.55	0	0	0	481.613	283.418	29.5855	0	0
information	0	0.04	0	0.55	0	0	0	481.613	316.44	51.5128	0	0
extraction	0	0.04	0	0.55	0	0	0	481.613	371.378	43.4619	0	0
tools	0	0.04	0	0.55	0	0	0	481.613	418.277	21.2182	0	0
in	0	0.04	0	0.55	0	0	0	481.613	442.931	8.48728	0	0
their	0	0.04	0	0.55	0	0	0	481.613	454.844	19.9964	0	0
production	0	0.04	0	0.55	0	0	0	481.613	478.277	47.2691	0	0
00	00	00	00	00	00	00	00	00	00	00	00	00
00	00	00	00	00	00	00	00	00	00	00	00	00
00	00	00	00	00	00	00	00	00	00	00	00	00
environments.	0	0.04	0	0.55	0	0	0	495.162	72	61.6801	0	0
Google	0	0.04	0	0.55	1	0	0	495.162	139.582	32.1164	0	0
scholar	0	0.04	0	0.55	0	0	0	495.162	175.266	31.5055	0	0
00	00	00	00	00	00	00	00	00	00	00	00	00
1	0	0.04	0	0.4	0	0	0	493.196	206.765	3.98505	0	0
00	00	00	00	00	00	00	00	00	00	00	00	00
,	0	0.04	0	0.55	0	1	0	495.162	211.248	2.72727	0	0
Microsoft	0	0.04	0	0.55	1	0	0	495.162	217.75	43.0255	0	0
academic	0	0.04	0	0.55	0	0	0	495.162	264.343	41.1928	0	0
search	0	0.04	0	0.55	0	0	0	495.162	309.103	27.8618	0	0
00	00	00	00	00	00	00	00	00	00	00	00	00
2	0	0.04	0	0.4	0	0	0	493.196	336.962	3.98505	0	0
00	00	00	00	00	00	00	00	00	00	00	00	00
,	0	0.04	0	0.55	0	1	0	495.162	341.446	2.72728	0	0
Researchgate	0	0.04	0	0.55	1	0	0	495.162	347.948	58.1019	0	0
00	00	00	00	00	00	00	00	00	00	00	00	00
3	0	0.04	0	0.4	0	0	0	493.196	406.05	3.98505	0	0
00	00	00	00	00	00	00	00	00	00	00	00	00
,	0	0.04	0	0.55	0	1	0	495.162	410.533	2.72728	0	0
CiteULike	0	0.04	0	0.55	1	0	0	495.162	417.035	45.9491	0	0
00	00	00	00	00	00	00	00	00	00	00	00	00
4	0	0.04	0	0.4	0	0	0	493.196	462.985	3.98505	0	0
00	00	00	00	00	00	00	00	00	00	00	00	00
etc.	0	0.04	0	0.55	0	0	0	495.162	471.034	15.4473	0	0
provide	0	0.04	0	0.55	0	0	0	495.162	492.383	33.1637	0	0
00	00	00	00	00	00	00	00	00	00	00	00	00
00	00	00	00	00	00	00	00	00	00	00	00	00
00	00	00	00	00	00	00	00	00	00	00	00	00
academic	0	0.05	0	0.55	0	0	0	508.712	72	41.1928	0	0
search	0	0.05	0	0.55	0	0	0	508.712	116.804	27.8618	0	0
engine	0	0.05	0	0.55	0	0	0	508.712	148.266	29.0837	0	0
facilities.	0	0.05	0	0.55	0	0	0	508.712	180.96	40.1891	0	0
European	0	0.05	0	0.55	1	0	0	508.712	227.16	41.8037	0	0
publication	0	0.05	0	0.55	0	0	0	508.712	272.575	49.091	0	0
server	0	0.05	0	0.55	0	0	0	508.712	325.277	26.4873	0	0
(EPO)	0	0.05	0	0.55	0	0	0	508.712	355.364	27.8728	0	0
00	00	00	00	00	00	00	00	00	00	00	00	00
5	0	0.05	0	0.4	0	0	0	506.745	383.238	3.98505	0	0
00	00	00	00	00	00	00	00	00	00	00	00	00
,	0	0.05	0	0.55	0	1	0	508.712	387.721	2.72728	0	0
ResearchGate	0	0.05	0	0.55	1	0	0	508.712	394.059	60.5782	0	0
and	0	0.05	0	0.55	0	0	1	508.712	458.237	15.7527	0	0
Mendeley	0	0.05	0	0.55	1	0	0	508.712	477.601	43.4619	0	0
00	00	00	00	00	00	00	00	00	00	00	00	00
6	0	0.05	0	0.4	0	0	0	506.745	521.06	3.98505	0	0
00	00	00	00	00	00	00	00	00	00	00	00	00
00	00	00	00	00	00	00	00	00	00	00	00	00
00	00	00	00	00	00	00	00	00	00	00	00	00
use	0	0.05	0	0.55	0	0	0	522.261	72	14.5418	0	0
GROBID	0	0.05	0	0.55	1	0	0	522.37	88.696	40.1564	0	0
(Lopez,	0	0.05	0	0.55	0	1	0	522.261	131.007	33.6218	0	0
2009)	0	0.05	0	0.55	0	0	0	522.261	166.898	25.4509	0	0
for	0	0.05	0	0.55	0	0	0	522.261	194.509	12.72	0	0
header	0	0.05	0	0.55	0	0	0	522.261	209.378	29.0728	0	0
extraction	0	0.05	0	0.55	0	0	0	522.261	240.611	43.4619	0	0
and	0	0.05	0	0.55	0	0	1	522.261	286.222	15.7527	0	0
analysis.	0	0.05	0	0.55	0	0	0	522.261	304.134	37.8764	0	0
A	0	0.05	0	0.55	1	0	0	522.261	345.196	7.87637	0	0
similar	0	0.05	0	0.55	0	0	0	522.261	355.222	30.3055	0	0
utility	0	0.05	0	0.55	0	0	0	522.261	387.687	26.0727	0	0
named	0	0.05	0	0.55	0	0	0	522.261	415.909	29.0837	0	0
SVMHeaderParse	0	0.05	0	0.55	1	0	0	522.37	447.151	78.3928	0	0
00	00	00	00	00	00	00	00	00	00	00	00	00
00	00	00	00	00	00	00	00	00	00	00	00	00
00	00	00	00	00	00	00	00	00	00	00	00	00
is	0	0.05	0	0.55	0	0	0	535.81	72	7.27637	0	0
deployed	0	0.05	0	0.55	0	0	0	535.81	82.0036	39.8837	0	0
by	0	0.05	0	0.55	0	0	0	535.81	124.615	10.9091	0	0
CiteSeer	0	0.05	0	0.55	1	0	0	535.635	138.25	43.7509	0	0
00	00	00	00	00	00	00	00	00	00	00	00	00
x7	0	0.05	0	0.4	0	0	0	533.269	182.307	9.25005	0	0
00	00	00	00	00	00	00	00	00	00	00	00	00
for	0	0.05	0	0.55	0	0	0	535.81	194.782	12.72	0	0
header	0	0.05	0	0.55	0	0	0	535.81	210.229	29.0728	0	0
extraction.	0	0.05	0	0.55	0	0	0	535.81	242.029	46.1891	0	0
00	00	00	00	00	00	00	00	00	00	00	00	00
00	00	00	00	00	00	00	00	00	00	00	00	00
00	00	00	00	00	00	00	00	00	00	00	00	00
Through	0	0.05	0	0.55	1	0	0	549.359	82.909	37.5709	0	0
a	0	0.05	0	0.55	0	0	0	549.359	123.011	4.84364	0	0
comprehensive	0	0.05	0	0.55	0	0	0	549.359	130.385	65.6073	0	0
literature	0	0.05	0	0.55	0	0	0	549.359	198.524	39.3819	0	0
survey,	0	0.05	0	0.55	0	1	0	549.359	240.436	30.7746	0	0
we	0	0.05	0	0.55	0	0	0	549.359	273.775	12.72	0	0
ﬁnd	0	0.05	0	0.55	0	0	0	549.359	289.026	16.9746	0	0
comparatively	0	0.05	0	0.55	0	0	0	549.359	308.531	61.9746	0	0
less	0	0.05	0	0.55	0	0	0	549.359	373.037	16.3637	0	0
research	0	0.05	0	0.55	0	0	0	549.359	391.931	36.3382	0	0
in	0	0.05	0	0.55	0	0	0	549.359	430.8	8.48728	0	0
document	0	0.05	0	0.55	0	0	0	549.359	441.818	43.0255	0	0
structure	0	0.05	0	0.55	0	0	0	549.359	487.375	38.1709	0	0
00	00	00	00	00	00	00	00	00	00	00	00	00
00	00	00	00	00	00	00	00	00	00	00	00	00
00	00	00	00	00	00	00	00	00	00	00	00	00
analysis	0	0.05	0	0.55	0	0	0	562.908	72	35.1491	0	0
than	0	0.05	0	0.55	0	0	0	562.908	110.28	18.7855	0	0
metadata	0	0.05	0	0.55	0	0	0	562.908	132.186	39.3819	0	0
and	0	0.05	0	0.55	0	0	1	562.908	174.698	15.7527	0	0
bibliography	0	0.05	0	0.55	0	0	0	562.908	193.582	55.691	0	0
extraction	0	0.05	0	0.55	0	0	0	562.908	252.404	43.4619	0	0
from	0	0.05	0	0.55	0	0	0	562.908	298.997	21.2073	0	0
scientiﬁc	0	0.05	0	0.55	0	0	0	562.908	323.324	39.3928	0	0
documents.	0	0.05	0	0.55	0	0	0	562.908	365.848	49.9964	0	0
The	0	0.05	0	0.55	1	0	1	562.908	420.426	16.9637	0	0
main	0	0.05	0	0.55	0	0	0	562.908	440.52	21.8182	0	0
challenges	0	0.05	0	0.55	0	0	0	562.908	465.459	46.0473	0	0
lie	0	0.05	0	0.55	0	0	0	562.908	514.637	10.9091	0	0
00	00	00	00	00	00	00	00	00	00	00	00	00
00	00	00	00	00	00	00	00	00	00	00	00	00
00	00	00	00	00	00	00	00	00	00	00	00	00
in	0	0.05	0	0.55	0	0	0	576.458	72	8.48728	0	0
the	0	0.05	0	0.55	0	0	0	576.458	83.8036	13.3309	0	0
inherent	0	0.05	0	0.55	0	0	0	576.458	100.451	35.7491	0	0
errors	0	0.05	0	0.55	0	0	0	576.458	139.516	25.44	0	0
in	0	0.05	0	0.55	0	0	0	576.458	168.273	8.48728	0	0
OCR	0	0.05	0	0.55	1	0	0	576.458	180.076	22.4291	0	0
processing	0	0.05	0	0.55	0	0	0	576.458	205.822	46.6582	0	0
and	0	0.05	0	0.55	0	0	1	576.458	255.797	15.7527	0	0
diverse	0	0.05	0	0.55	0	0	0	576.458	274.866	31.0691	0	0
formatting	0	0.05	0	0.55	0	0	0	576.458	309.251	46.0582	0	0
styles	0	0.05	0	0.55	0	0	0	576.458	358.626	24.8509	0	0
adopted	0	0.05	0	0.55	0	0	0	576.458	386.793	34.5382	0	0
by	0	0.05	0	0.55	0	0	0	576.458	424.648	10.9091	0	0
different	0	0.05	0	0.55	0	0	0	576.458	438.873	37.2873	0	0
publishing	0	0.05	0	0.55	0	0	0	576.458	479.477	46.0691	0	0
00	00	00	00	00	00	00	00	00	00	00	00	00
00	00	00	00	00	00	00	00	00	00	00	00	00
00	00	00	00	00	00	00	00	00	00	00	00	00
venues.	0	0.06	0	0.55	0	0	0	590.007	72	32.8582	0	0
We	0	0.06	0	0.55	1	0	0	590.007	108.142	14.2691	0	0
believe	0	0.06	0	0.55	0	0	0	590.007	124.844	31.0691	0	0
that	0	0.06	0	0.55	0	0	0	590.007	158.346	16.3637	0	0
a	0	0.06	0	0.55	0	0	0	590.007	177.142	4.84364	0	0
key	0	0.06	0	0.55	0	0	0	590.007	184.418	15.48	0	0
strategy	0	0.06	0	0.55	0	0	0	590.007	202.331	34.3746	0	0
to	0	0.06	0	0.55	0	0	0	590.007	239.138	8.48728	0	0
tackle	0	0.06	0	0.55	0	0	0	590.007	250.058	26.0509	0	0
this	0	0.06	0	0.55	0	0	0	590.007	278.542	15.7636	0	0
problem	0	0.06	0	0.55	0	0	0	590.007	296.738	36.36	0	0
is	0	0.06	0	0.55	0	0	0	590.007	335.531	7.27637	0	0
to	0	0.06	0	0.55	0	0	0	590.007	345.24	8.48728	0	0
analyze	0	0.06	0	0.55	0	0	0	590.007	356.16	33.3164	0	0
research	0	0.06	0	0.55	0	0	0	590.007	391.909	36.3382	0	0
articles	0	0.06	0	0.55	0	0	0	590.007	430.68	31.5055	0	0
from	0	0.06	0	0.55	0	0	0	590.007	464.619	21.2073	0	0
different	0	0.06	0	0.55	0	0	0	590.007	488.259	37.2873	0	0
00	00	00	00	00	00	00	00	00	00	00	00	00
00	00	00	00	00	00	00	00	00	00	00	00	00
00	00	00	00	00	00	00	00	00	00	00	00	00
publishers	0	0.06	0	0.55	0	0	0	603.556	72	44.8473	0	0
to	0	0.06	0	0.55	0	0	0	603.556	120.644	8.48728	0	0
identify	0	0.06	0	0.55	0	0	0	603.556	132.938	33.9382	0	0
generic	0	0.06	0	0.55	0	0	0	603.556	170.673	32.1055	0	0
patterns	0	0.06	0	0.55	0	0	0	603.556	206.586	34.5382	0	0
and	0	0.06	0	0.55	0	0	1	603.556	244.92	15.7527	0	0
rules,	0	0.06	0	0.55	0	1	0	603.556	264.48	23.9346	0	0
speciﬁc	0	0.06	0	0.55	0	0	0	603.556	292.484	33.3273	0	0
to	0	0.06	0	0.55	0	0	0	603.556	329.607	8.48728	0	0
various	0	0.06	0	0.55	0	0	0	603.556	341.902	31.8437	0	0
information	0	0.06	0	0.55	0	0	0	603.556	377.542	51.5128	0	0
extraction	0	0.06	0	0.55	0	0	0	603.556	432.862	43.4619	0	0
tasks.	0	0.06	0	0.55	0	0	0	603.556	480.12	24.5455	0	0
We	0	0.06	0	0.55	1	0	0	603.556	511.277	14.2691	0	0
00	00	00	00	00	00	00	00	00	00	00	00	00
00	00	00	00	00	00	00	00	00	00	00	00	00
00	00	00	00	00	00	00	00	00	00	00	00	00
introduce	0	0.06	0	0.55	0	0	0	617.105	72	41.2037	0	0
OCR++,	0	0.06	0	0.55	1	1	0	617.214	115.967	39.2723	0	0
a	0	0.06	0	0.55	0	0	0	617.105	158.01	4.84364	0	0
hybrid	0	0.06	0	0.55	0	0	0	617.105	165.625	28.4291	0	0
framework	0	0.06	0	0.55	0	0	0	617.105	196.814	47.4764	0	0
to	0	0.06	0	0.55	0	0	0	617.105	247.05	8.48728	0	0
extract	0	0.06	0	0.55	0	0	0	617.105	258.308	29.52	0	0
textual	0	0.06	0	0.55	0	0	0	617.105	290.588	29.5309	0	0
information	0	0.06	0	0.55	0	0	0	617.105	322.879	51.5128	0	0
such	0	0.06	0	0.55	0	0	0	617.105	377.163	19.9964	0	0
as	0	0.06	0	0.55	0	0	0	617.105	399.919	9.08728	0	0
(i)	0	0.06	0	0.55	0	0	0	617.105	411.767	10.2982	0	0
metadata	0	0.06	0	0.55	0	0	0	617.105	424.836	39.3819	0	0
–	0	0.06	0	0.55	0	0	0	617.105	466.978	5.45455	0	0
title,	0	0.06	0	0.55	0	1	0	617.105	475.192	19.7018	0	0
author	0	0.06	0	0.55	0	0	0	617.105	497.676	27.8728	0	0
00	00	00	00	00	00	00	00	00	00	00	00	00
00	00	00	00	00	00	00	00	00	00	00	00	00
00	00	00	00	00	00	00	00	00	00	00	00	00
names,	0	0.06	0	0.55	0	1	0	630.654	72	30.6	0	0
afﬁliation	0	0.06	0	0.55	0	0	0	630.654	105.84	42.1528	0	0
and	0	0.06	0	0.55	0	0	1	630.654	151.135	15.7527	0	0
e-mail,	0	0.06	0	0.55	0	1	0	630.654	170.018	30.6	0	0
(ii)	0	0.06	0	0.55	0	0	0	630.654	203.858	13.3309	0	0
structure	0	0.06	0	0.55	0	0	0	630.654	220.331	38.1709	0	0
–	0	0.06	0	0.55	0	0	0	630.654	261.644	5.45455	0	0
section	0	0.06	0	0.55	0	0	0	630.654	270.229	30.9055	0	0
headings	0	0.06	0	0.55	0	0	0	630.654	304.277	38.7819	0	0
and	0	0.06	0	0.55	0	0	1	630.654	346.2	15.7527	0	0
body	0	0.06	0	0.55	0	0	0	630.654	365.084	21.8182	0	0
text,	0	0.06	0	0.55	0	1	0	630.654	390.044	18.9273	0	0
table	0	0.06	0	0.55	0	0	0	630.654	412.211	21.2073	0	0
and	0	0.06	0	0.55	0	0	1	630.654	436.56	15.7527	0	0
ﬁgure	0	0.06	0	0.55	0	0	0	630.654	455.444	25.4509	0	0
headings,	0	0.06	0	0.55	0	1	0	630.654	484.037	41.5091	0	0
00	00	00	00	00	00	00	00	00	00	00	00	00
00	00	00	00	00	00	00	00	00	00	00	00	00
00	00	00	00	00	00	00	00	00	00	00	00	00
URLs	0	0.06	0	0.55	1	0	0	644.204	72	26.0618	0	0
and	0	0.06	0	0.55	0	0	1	644.204	101.836	15.7527	0	0
footnotes	0	0.06	0	0.55	0	0	0	644.204	121.375	40.6037	0	0
and	0	0.06	0	0.55	0	0	1	644.204	165.753	15.7527	0	0
(iii)	0	0.06	0	0.55	0	0	0	644.204	185.291	16.3636	0	0
bibliography	0	0.06	0	0.55	0	0	0	644.204	205.429	55.7019	0	0
–	0	0.06	0	0.55	0	0	0	644.204	264.917	5.45455	0	0
citation	0	0.06	0	0.55	0	0	0	644.204	274.146	32.7273	0	0
instances	0	0.06	0	0.55	0	0	0	644.204	310.658	39.9928	0	0
and	0	0.06	0	0.55	0	0	1	644.204	354.426	15.7527	0	0
references	0	0.06	0	0.55	0	0	0	644.204	373.964	44.8146	0	0
from	0	0.06	0	0.55	0	0	0	644.204	422.553	21.2073	0	0
scholarly	0	0.06	0	0.55	0	0	0	644.204	447.535	39.9928	0	0
articles.	0	0.06	0	0.55	0	0	0	644.204	491.313	34.2328	0	0
00	00	00	00	00	00	00	00	00	00	00	00	00
00	00	00	00	00	00	00	00	00	00	00	00	00
00	00	00	00	00	00	00	00	00	00	00	00	00
The	0	0.06	0	0.55	1	0	1	657.753	72	16.9637	0	0
framework	0	0.06	0	0.55	0	0	0	657.753	92.4437	47.4764	0	0
employs	0	0.06	0	0.55	0	0	0	657.753	143.4	36.8618	0	0
a	0	0.06	0	0.55	0	0	0	657.753	183.742	4.84364	0	0
variety	0	0.06	0	0.55	0	0	0	657.753	192.076	30.0218	0	0
of	0	0.06	0	0.55	0	0	1	657.753	225.578	9.08728	0	0
Conditional	0	0.06	0	0.55	1	0	0	657.753	238.146	51.5237	0	0
Random	0	0.06	0	0.55	1	0	0	657.753	293.149	36.9709	0	0
Field	0	0.06	0	0.55	1	0	0	657.753	333.6	22.4291	0	0
(CRF)	0	0.06	0	0.55	0	0	0	657.753	359.509	27.8837	0	0
models	0	0.06	0	0.55	0	0	0	657.753	390.873	31.5164	0	0
and	0	0.06	0	0.55	0	0	1	657.753	425.88	15.7527	0	0
hand-written	0	0.06	0	0.55	0	0	0	657.753	445.113	55.7455	0	0
rules	0	0.06	0	0.55	0	0	0	657.753	504.339	21.2073	0	0
00	00	00	00	00	00	00	00	00	00	00	00	00
00	00	00	00	00	00	00	00	00	00	00	00	00
00	00	00	00	00	00	00	00	00	00	00	00	00
specially	0	0.06	0	0.55	0	0	0	671.302	72	38.7819	0	0
crafted	0	0.06	0	0.55	0	0	0	671.302	114.535	30.2837	0	0
for	0	0.06	0	0.55	0	0	0	671.302	148.571	12.72	0	0
handling	0	0.06	0	0.55	0	0	0	671.302	165.055	38.1819	0	0
various	0	0.06	0	0.55	0	0	0	671.302	206.989	31.8437	0	0
tasks.	0	0.06	0	0.55	0	0	0	671.302	242.586	24.5455	0	0
Our	0	0.06	0	0.55	1	0	0	671.302	273.6	16.9637	0	0
framework	0	0.06	0	0.55	0	0	0	671.302	294.317	47.4764	0	0
produce	0	0.06	0	0.55	0	0	0	671.302	345.546	35.1382	0	0
comparative	0	0.06	0	0.55	0	0	0	671.302	384.437	53.4873	0	0
results	0	0.06	0	0.55	0	0	0	671.302	441.688	28.4728	0	0
in	0	0.06	0	0.55	0	0	0	671.302	473.924	8.48728	0	0
metadata	0	0.06	0	0.55	0	0	0	671.302	486.164	39.3819	0	0
00	00	00	00	00	00	00	00	00	00	00	00	00
00	00	00	00	00	00	00	00	00	00	00	00	00
00	00	00	00	00	00	00	00	00	00	00	00	00
1	0	0.07	0	0.3	0	0	0	689.941	84.653	2.9888	0	0
00	00	00	00	00	00	00	00	00	00	00	00	00
http://scholar.google.com	0	0.07	0	0.45	0	0	0	691.724	88.139	91.1614	0	0
00	00	00	00	00	00	00	00	00	00	00	00	00
00	00	00	00	00	00	00	00	00	00	00	00	00
00	00	00	00	00	00	00	00	00	00	00	00	00
2	0	0.07	0	0.3	0	0	0	700.815	84.653	2.9888	0	0
00	00	00	00	00	00	00	00	00	00	00	00	00
http://academic.research.microsoft.com	0	0.07	0	0.45	0	0	0	702.598	88.139	141.687	0	0
00	00	00	00	00	00	00	00	00	00	00	00	00
00	00	00	00	00	00	00	00	00	00	00	00	00
00	00	00	00	00	00	00	00	00	00	00	00	00
3	0	0.07	0	0.3	0	0	0	711.69	84.653	2.9888	0	0
00	00	00	00	00	00	00	00	00	00	00	00	00
researchgate.net	0	0.07	0	0.45	0	0	0	713.473	88.139	57.9588	0	0
00	00	00	00	00	00	00	00	00	00	00	00	00
00	00	00	00	00	00	00	00	00	00	00	00	00
00	00	00	00	00	00	00	00	00	00	00	00	00
4	0	0.07	0	0.3	0	0	0	722.564	84.653	2.9888	0	0
00	00	00	00	00	00	00	00	00	00	00	00	00
http://www.citeulike.org/	0	0.07	0	0.45	0	0	0	724.347	88.139	89.8254	0	0
00	00	00	00	00	00	00	00	00	00	00	00	00
00	00	00	00	00	00	00	00	00	00	00	00	00
00	00	00	00	00	00	00	00	00	00	00	00	00
5	0	0.07	0	0.3	0	0	0	733.439	84.653	2.9888	0	0
00	00	00	00	00	00	00	00	00	00	00	00	00
https://data.epo.org/publication-server/?lg=en	0	0.07	0	0.45	0	0	0	735.222	88.139	163.646	0	0
00	00	00	00	00	00	00	00	00	00	00	00	00
00	00	00	00	00	00	00	00	00	00	00	00	00
00	00	00	00	00	00	00	00	00	00	00	00	00
6	0	0.07	0	0.3	0	0	0	744.313	84.653	2.9888	0	0
00	00	00	00	00	00	00	00	00	00	00	00	00
https://www.mendeley.com/	0	0.07	0	0.45	0	0	0	746.096	88.139	100.316	0	0
00	00	00	00	00	00	00	00	00	00	00	00	00
00	00	00	00	00	00	00	00	00	00	00	00	00
00	00	00	00	00	00	00	00	00	00	00	00	00
7	0	0.08	0	0.3	0	0	0	755.104	84.653	2.9888	0	0
00	00	00	00	00	00	00	00	00	00	00	00	00
http://citeseerx.ist.psu.edu/	0	0.08	0	0.45	0	0	0	756.887	88.139	96.3888	0	0
00	00	00	00	00	00	00	00	00	00	00	00	00
00	00	00	00	00	00	00	00	00	00	00	00	00
00	00	00	00	00	00	00	00	00	00	00	00	00
arXiv:1609.06423v2	0	0.08	0	1.0	0	0	0	443.79	18.34	18	0	1
[cs.DL]	0	0.08	0	1.0	0	0	0	372.15	18.34	18	0	1
22	0	0.08	0	1.0	0	0	0	342.15	18.34	18	0	1
Sep	0	0.08	0	1.0	1	0	0	307.15	18.34	18	0	1
2016	0	0.08	0	1.0	0	0	0	262.15	18.34	18	0	1
00	00	00	00	00	00	00	00	00	00	00	00	00
00	00	00	00	00	00	00	00	00	00	00	00	00
00	00	00	00	00	00	00	00	00	00	00	00	00
extraction	0	0.08	0	0.55	0	0	0	66.3706	72	43.4619	0	0
tasks.	0	0.08	0	0.55	0	0	0	66.3706	118.713	24.5455	0	0
However,	0	0.08	0	0.55	1	1	0	66.3706	148.2	41.5637	0	0
it	0	0.08	0	0.55	0	0	0	66.3706	193.146	6.06546	0	0
signiﬁcantly	0	0.08	0	0.55	0	0	0	66.3706	202.462	53.9346	0	0
outperform	0	0.08	0	0.55	0	0	0	66.3706	259.647	49.08	0	0
state-of-the-art	0	0.08	0	0.55	0	0	0	66.3706	311.978	64.8219	0	0
systems	0	0.08	0	0.55	0	0	0	66.3706	380.051	34.5491	0	0
in	0	0.08	0	0.55	0	0	0	66.3706	417.84	8.48728	0	0
structural	0	0.08	0	0.55	0	0	0	66.3706	429.578	41.2037	0	0
information	0	0.08	0	0.55	0	0	0	66.3706	474.033	51.5128	0	0
00	00	00	00	00	00	00	00	00	00	00	00	00
00	00	00	00	00	00	00	00	00	00	00	00	00
00	00	00	00	00	00	00	00	00	00	00	00	00
extraction	0	0.08	0	0.55	0	0	0	79.9206	72	43.4619	0	0
tasks.	0	0.08	0	0.55	0	0	0	79.9206	119.411	24.5455	0	0
On	0	0.08	0	0.55	1	0	0	79.9206	150.993	13.3309	0	0
an	0	0.08	0	0.55	0	0	0	79.9206	168.273	10.2982	0	0
average,	0	0.08	0	0.55	0	1	0	79.9206	182.509	36.2618	0	0
we	0	0.08	0	0.55	0	0	0	79.9206	223.026	12.72	0	0
record	0	0.08	0	0.55	0	0	0	79.9206	239.695	27.8618	0	0
an	0	0.08	0	0.55	0	0	0	79.9206	271.495	10.2982	0	0
accuracy	0	0.08	0	0.55	0	0	0	79.9206	285.742	38.5964	0	0
improvement	0	0.08	0	0.55	0	0	0	79.9206	328.287	57.851	0	0
of	0	0.08	0	0.55	0	0	1	79.9206	390.077	9.08728	0	0
50%	0	0.08	0	0.55	0	0	0	79.9206	403.113	19.9964	0	0
and	0	0.08	0	0.55	0	0	1	79.9206	427.058	15.7527	0	0
a	0	0.08	0	0.55	0	0	0	79.9206	446.76	4.84364	0	0
processing	0	0.08	0	0.55	0	0	0	79.9206	455.542	46.6582	0	0
time	0	0.08	0	0.55	0	0	0	79.9206	506.149	19.3964	0	0
00	00	00	00	00	00	00	00	00	00	00	00	00
00	00	00	00	00	00	00	00	00	00	00	00	00
00	00	00	00	00	00	00	00	00	00	00	00	00
improvement	0	0.08	0	0.55	0	0	0	93.4696	72	57.851	0	0
of	0	0.08	0	0.55	0	0	1	93.4696	132.404	9.08728	0	0
52%.	0	0.08	0	0.55	0	0	0	93.4696	144.033	22.7237	0	0
We	0	0.08	0	0.55	1	0	0	93.4696	170.084	14.2691	0	0
claim	0	0.08	0	0.55	0	0	0	93.4696	186.895	24.24	0	0
that	0	0.08	0	0.55	0	0	0	93.4696	213.687	16.3637	0	0
our	0	0.08	0	0.55	0	0	0	93.4696	232.604	14.5418	0	0
hybrid	0	0.08	0	0.55	0	0	0	93.4696	249.687	28.4291	0	0
approach	0	0.08	0	0.55	0	0	0	93.4696	280.669	39.9819	0	0
leads	0	0.08	0	0.55	0	0	0	93.4696	323.193	22.4182	0	0
to	0	0.08	0	0.55	0	0	0	93.4696	348.164	8.48728	0	0
higher	0	0.08	0	0.55	0	0	0	93.4696	359.204	27.8728	0	0
performance	0	0.08	0	0.55	0	0	0	93.4696	389.618	55.1237	0	0
than	0	0.08	0	0.55	0	0	0	93.4696	447.295	18.7855	0	0
complex	0	0.08	0	0.55	0	0	0	93.4696	468.622	37.4073	0	0
ma-	0	0.08	0	0.55	0	0	0	93.4696	508.582	16.9637	0	0
00	00	00	00	00	00	00	00	00	00	00	00	00
00	00	00	00	00	00	00	00	00	00	00	00	00
00	00	00	00	00	00	00	00	00	00	00	00	00
chine	0	0.08	0	0.55	0	0	0	107.019	72	23.6291	0	0
learning	0	0.08	0	0.55	0	0	0	107.019	98.1382	35.7491	0	0
models	0	0.08	0	0.55	0	0	0	107.019	136.396	31.5164	0	0
based	0	0.08	0	0.55	0	0	0	107.019	170.422	24.84	0	0
systems.	0	0.08	0	0.55	0	0	0	107.019	197.771	37.2764	0	0
We	0	0.08	0	0.55	1	0	0	107.019	238.353	14.2691	0	0
also	0	0.08	0	0.55	0	0	0	107.019	255.131	17.5746	0	0
present	0	0.08	0	0.55	0	0	0	107.019	275.215	31.5055	0	0
two	0	0.08	0	0.55	0	0	0	107.019	309.229	16.2546	0	0
novel	0	0.08	0	0.55	0	0	0	107.019	327.982	23.9127	0	0
use	0	0.08	0	0.55	0	0	0	107.019	354.404	14.5418	0	0
cases	0	0.08	0	0.55	0	0	0	107.019	371.455	23.0182	0	0
including	0	0.08	0	0.55	0	0	0	107.019	396.982	41.2146	0	0
extraction	0	0.08	0	0.55	0	0	0	107.019	440.706	43.4619	0	0
of	0	0.08	0	0.55	0	0	1	107.019	486.677	9.08728	0	0
public	0	0.08	0	0.55	0	0	0	107.019	498.273	27.2727	0	0
00	00	00	00	00	00	00	00	00	00	00	00	00
00	00	00	00	00	00	00	00	00	00	00	00	00
00	00	00	00	00	00	00	00	00	00	00	00	00
dataset	0	0.09	0	0.55	0	0	0	120.568	72	30.2946	0	0
links	0	0.09	0	0.55	0	0	0	120.568	105.022	21.2182	0	0
available	0	0.09	0	0.55	0	0	0	120.568	128.967	38.8909	0	0
in	0	0.09	0	0.55	0	0	0	120.568	170.586	8.48728	0	0
the	0	0.09	0	0.55	0	0	0	120.568	181.8	13.3309	0	0
proceedings	0	0.09	0	0.55	0	0	0	120.568	197.858	52.7128	0	0
of	0	0.09	0	0.55	0	0	1	120.568	253.298	9.08728	0	0
the	0	0.09	0	0.55	0	0	0	120.568	265.113	13.3309	0	0
NLP	0	0.09	0	0.55	1	0	0	120.568	281.171	20.6073	0	0
conferences	0	0.09	0	0.55	0	0	0	120.568	304.506	52.091	0	0
available	0	0.09	0	0.55	0	0	0	120.568	359.324	38.8909	0	0
from	0	0.09	0	0.55	0	0	0	120.568	400.942	21.2073	0	0
the	0	0.09	0	0.55	0	0	0	120.568	424.877	13.3309	0	0
ACL	0	0.09	0	0.55	1	0	0	120.568	440.935	21.3818	0	0
anthology.	0	0.09	0	0.55	0	0	0	120.568	465.044	45.6546	0	0
00	00	00	00	00	00	00	00	00	00	00	00	00
00	00	00	00	00	00	00	00	00	00	00	00	00
00	00	00	00	00	00	00	00	00	00	00	00	00
2	0	0.09	0	0.6	0	0	0	142.979	72	5.9776	0	0
Framework	0	0.09	0	0.6	1	0	0	142.979	89.9328	60.302	0	0
overview	0	0.09	0	0.6	0	0	0	142.979	153.224	45.4537	0	0
00	00	00	00	00	00	00	00	00	00	00	00	00
00	00	00	00	00	00	00	00	00	00	00	00	00
00	00	00	00	00	00	00	00	00	00	00	00	00
OCR++	0	0.09	0	0.55	1	0	0	164.352	72	36.5455	0	0
is	0	0.09	0	0.55	0	0	0	164.243	111.459	7.27637	0	0
an	0	0.09	0	0.55	0	0	0	164.243	121.648	10.2982	0	0
extraction	0	0.09	0	0.55	0	0	0	164.243	134.859	43.4619	0	0
framework	0	0.09	0	0.55	0	0	0	164.243	181.234	47.4764	0	0
for	0	0.09	0	0.55	0	0	0	164.243	231.623	12.72	0	0
scholarly	0	0.09	0	0.55	0	0	0	164.243	247.255	39.9928	0	0
articles,	0	0.09	0	0.55	0	1	0	164.243	290.161	34.2328	0	0
completely	0	0.09	0	0.55	0	0	0	164.243	327.35	48.48	0	0
written	0	0.09	0	0.55	0	0	0	164.243	378.743	30.9055	0	0
in	0	0.09	0	0.55	0	0	0	164.243	412.561	8.48728	0	0
Python	0	0.09	0	0.55	1	0	0	164.243	423.972	30.9164	0	0
(Figure	0	0.09	0	0.55	0	0	0	164.243	457.801	32.1164	0	0
2).	0	0.09	0	0.55	0	0	0	164.243	492.83	11.8146	0	0
The	0	0.09	0	0.55	1	0	1	164.243	508.583	16.9637	0	0
00	00	00	00	00	00	00	00	00	00	00	00	00
00	00	00	00	00	00	00	00	00	00	00	00	00
00	00	00	00	00	00	00	00	00	00	00	00	00
framework	0	0.09	0	0.55	0	0	0	177.792	72	47.4764	0	0
takes	0	0.09	0	0.55	0	0	0	177.792	123.098	22.3091	0	0
a	0	0.09	0	0.55	0	0	0	177.792	149.029	4.84364	0	0
PDF	0	0.09	0	0.55	1	0	0	177.792	157.495	20.0073	0	0
article	0	0.09	0	0.55	0	0	0	177.792	181.124	27.2509	0	0
as	0	0.09	0	0.55	0	0	0	177.792	211.996	9.08728	0	0
input,	0	0.09	0	0.55	0	1	0	177.792	224.706	25.1564	0	0
1)	0	0.09	0	0.55	0	0	0	177.792	253.713	9.08728	0	0
converts	0	0.09	0	0.55	0	0	0	177.792	266.422	36.36	0	0
the	0	0.09	0	0.55	0	0	0	177.792	306.393	13.3309	0	0
PDF	0	0.09	0	0.55	1	0	0	177.792	323.346	20.0073	0	0
ﬁle	0	0.09	0	0.55	0	0	0	177.792	346.975	13.9418	0	0
to	0	0.09	0	0.55	0	0	0	177.792	364.538	8.48728	0	0
an	0	0.09	0	0.55	0	0	0	177.792	376.648	10.2982	0	0
XML	0	0.09	0	0.55	1	0	0	177.792	390.568	24.24	0	0
format,	0	0.09	0	0.55	0	1	0	177.792	418.429	31.8109	0	0
2)	0	0.09	0	0.55	0	0	0	177.792	454.08	9.08728	0	0
processes	0	0.09	0	0.55	0	0	0	177.792	466.789	41.8037	0	0
the	0	0.09	0	0.55	0	0	0	177.792	512.215	13.3309	0	0
00	00	00	00	00	00	00	00	00	00	00	00	00
00	00	00	00	00	00	00	00	00	00	00	00	00
00	00	00	00	00	00	00	00	00	00	00	00	00
XML	0	0.09	0	0.55	1	0	0	191.341	72	24.24	0	0
ﬁle	0	0.09	0	0.55	0	0	0	191.341	99.9273	13.9418	0	0
to	0	0.09	0	0.55	0	0	0	191.341	117.567	8.48728	0	0
extract	0	0.09	0	0.55	0	0	0	191.341	129.742	29.52	0	0
useful	0	0.09	0	0.55	0	0	0	191.341	162.96	26.6618	0	0
information,	0	0.09	0	0.55	0	1	0	191.341	193.309	54.24	0	0
and	0	0.09	0	0.55	0	0	1	191.341	251.487	15.7527	0	0
3)	0	0.09	0	0.55	0	0	0	191.341	270.927	9.08728	0	0
exports	0	0.09	0	0.55	0	0	0	191.341	283.713	31.9528	0	0
output	0	0.09	0	0.55	0	0	0	191.341	319.353	27.8837	0	0
in	0	0.09	0	0.55	0	0	0	191.341	350.935	8.48728	0	0
structured	0	0.09	0	0.55	0	0	0	191.341	363.109	43.6255	0	0
TEI-encoded	0	0.09	0	0.55	1	0	0	191.341	410.422	56.9455	0	0
00	00	00	00	00	00	00	00	00	00	00	00	00
8	0	0.09	0	0.4	0	0	0	189.375	467.372	3.98505	0	0
00	00	00	00	00	00	00	00	00	00	00	00	00
documents.	0	0.09	0	0.55	0	0	0	191.341	475.547	49.9964	0	0
00	00	00	00	00	00	00	00	00	00	00	00	00
00	00	00	00	00	00	00	00	00	00	00	00	00
00	00	00	00	00	00	00	00	00	00	00	00	00
We	0	0.09	0	0.55	1	0	0	204.891	72	14.2691	0	0
use	0	0.09	0	0.55	0	0	0	204.891	89.1818	14.5418	0	0
pdf2xml	0	0.09	0	0.55	0	0	0	205	106.641	35.1491	0	0
00	00	00	00	00	00	00	00	00	00	00	00	00
9	0	0.09	0	0.4	0	0	0	202.924	141.8	3.98505	0	0
00	00	00	00	00	00	00	00	00	00	00	00	00
to	0	0.09	0	0.55	0	0	0	204.891	149.198	8.48728	0	0
convert	0	0.09	0	0.55	0	0	0	204.891	160.598	32.1164	0	0
PDF	0	0.09	0	0.55	1	0	0	204.891	195.627	20.0073	0	0
ﬁles	0	0.09	0	0.55	0	0	0	204.891	218.558	18.1855	0	0
into	0	0.09	0	0.55	0	0	0	204.891	239.656	16.9746	0	0
rich	0	0.09	0	0.55	0	0	0	204.891	259.544	16.9637	0	0
XML	0	0.09	0	0.55	1	0	0	204.891	279.42	24.24	0	0
ﬁles.	0	0.09	0	0.55	0	0	0	204.891	306.573	20.9127	0	0
Each	0	0.09	0	0.55	1	0	0	204.891	331.435	21.8073	0	0
token	0	0.09	0	0.55	0	0	0	204.891	356.155	24.1309	0	0
in	0	0.09	0	0.55	0	0	0	204.891	383.198	8.48728	0	0
the	0	0.09	0	0.55	0	0	0	204.891	394.598	13.3309	0	0
PDF	0	0.09	0	0.55	1	0	0	204.891	410.853	20.0073	0	0
ﬁle	0	0.09	0	0.55	0	0	0	204.891	433.773	13.9418	0	0
is	0	0.09	0	0.55	0	0	0	204.891	450.627	7.27637	0	0
annotated	0	0.09	0	0.55	0	0	0	204.891	460.816	42.4146	0	0
with	0	0.09	0	0.55	0	0	0	204.891	506.144	19.3964	0	0
00	00	00	00	00	00	00	00	00	00	00	00	00
00	00	00	00	00	00	00	00	00	00	00	00	00
00	00	00	00	00	00	00	00	00	00	00	00	00
rich	0	0.09	0	0.55	0	0	0	218.44	72	16.9637	0	0
metadata,	0	0.09	0	0.55	0	1	0	218.44	91.6909	42.1091	0	0
namely,	0	0.09	0	0.55	0	1	0	218.44	136.527	34.1346	0	0
x	0	0.09	0	0.55	0	0	0	218.265	173.388	6.23455	0	0
and	0	0.09	0	0.55	0	0	1	218.44	182.35	15.7527	0	0
y	0	0.09	0	0.55	0	0	0	218.265	200.83	5.34873	0	0
co-ordinates,	0	0.09	0	0.55	0	1	0	218.44	209.297	56.651	0	0
font	0	0.09	0	0.55	0	0	0	218.44	268.675	17.5746	0	0
size,	0	0.09	0	0.55	0	1	0	218.44	288.977	19.6909	0	0
font	0	0.09	0	0.55	0	0	0	218.44	311.395	17.5746	0	0
weight,	0	0.09	0	0.55	0	1	0	218.44	331.697	32.4218	0	0
font	0	0.09	0	0.55	0	0	0	218.44	366.846	17.5746	0	0
style	0	0.09	0	0.55	0	0	0	218.44	387.148	20.6073	0	0
etc.	0	0.09	0	0.55	0	0	0	218.44	410.483	15.4473	0	0
(Figure	0	0.09	0	0.55	0	0	0	218.44	429.312	32.1164	0	0
1).	0	0.09	0	0.55	0	0	0	218.44	464.155	11.8146	0	0
00	00	00	00	00	00	00	00	00	00	00	00	00
00	00	00	00	00	00	00	00	00	00	00	00	00
00	00	00	00	00	00	00	00	00	00	00	00	00
Figure	0	0.1	0	0.55	1	0	0	362.82	201.927	28.4837	0	0
1:	0	0.1	0	0.55	0	0	0	362.82	233.138	8.48728	0	0
Screenshot	0	0.1	0	0.55	1	0	0	362.82	245.007	47.8691	0	0
of	0	0.1	0	0.55	0	0	1	362.82	295.603	9.08728	0	0
pdf2xml	0	0.1	0	0.55	0	0	0	362.929	307.417	35.1491	0	0
tool	0	0.1	0	0.55	0	0	0	362.82	345.304	16.9746	0	0
output.	0	0.1	0	0.55	0	0	0	362.82	365.006	30.6109	0	0
00	00	00	00	00	00	00	00	00	00	00	00	00
00	00	00	00	00	00	00	00	00	00	00	00	00
00	00	00	00	00	00	00	00	00	00	00	00	00
(a)	0	0.1	0	0.45	0	0	0	496.707	113.35	9.9527	0	0
Sub-tasks	0	0.1	0	0.45	1	0	0	496.707	125.544	34.8703	0	0
dependencies	0	0.1	0	0.45	0	0	0	496.707	162.656	48.302	0	0
in	0	0.1	0	0.45	0	0	0	496.707	213.2	6.97586	0	0
OCR++.	0	0.1	0	0.45	1	0	0	496.796	222.416	32.2786	0	0
00	00	00	00	00	00	00	00	00	00	00	00	00
00	00	00	00	00	00	00	00	00	00	00	00	00
00	00	00	00	00	00	00	00	00	00	00	00	00
(b)	0	0.1	0	0.45	0	0	0	498.373	336.246	10.4548	0	0
Screenshot	0	0.1	0	0.45	1	0	0	498.373	348.942	39.3446	0	0
of	0	0.1	0	0.45	0	0	1	498.373	390.529	7.46901	0	0
OCR++	0	0.1	0	0.45	1	0	0	498.373	400.239	28.549	0	0
web	0	0.1	0	0.45	0	0	0	498.373	431.03	14.938	0	0
interface.	0	0.1	0	0.45	0	0	0	498.373	448.209	33.5164	0	0
00	00	00	00	00	00	00	00	00	00	00	00	00
00	00	00	00	00	00	00	00	00	00	00	00	00
00	00	00	00	00	00	00	00	00	00	00	00	00
Figure	0	0.1	0	0.55	1	0	0	519.491	173.324	28.4837	0	0
2:	0	0.1	0	0.55	0	0	0	519.491	204.535	8.48728	0	0
OCR++	0	0.1	0	0.55	1	0	0	519.491	216.404	34.7346	0	0
framework	0	0.1	0	0.55	0	0	0	519.491	253.866	47.4764	0	0
overview	0	0.1	0	0.55	0	0	0	519.491	304.07	39.9928	0	0
and	0	0.1	0	0.55	0	0	1	519.491	346.79	15.7527	0	0
user	0	0.1	0	0.55	0	0	0	519.491	365.27	18.1746	0	0
interface	0	0.1	0	0.55	0	0	0	519.491	386.171	38.0509	0	0
00	00	00	00	00	00	00	00	00	00	00	00	00
00	00	00	00	00	00	00	00	00	00	00	00	00
00	00	00	00	00	00	00	00	00	00	00	00	00
Figure	0	0.1	0	0.55	1	0	0	540.011	82.909	28.4837	0	0
2(a)	0	0.1	0	0.55	0	0	0	540.011	114.72	17.5637	0	0
describes	0	0.1	0	0.55	0	0	0	540.011	135.6	40.5928	0	0
the	0	0.1	0	0.55	0	0	0	540.011	179.52	13.3309	0	0
sub-task	0	0.1	0	0.55	0	0	0	540.011	196.178	36.36	0	0
dependencies	0	0.1	0	0.55	0	0	0	540.011	235.855	58.7673	0	0
in	0	0.1	0	0.55	0	0	0	540.011	297.949	8.48728	0	0
OCR++.	0	0.1	0	0.55	1	0	0	540.12	309.761	39.2733	0	0
The	0	0.1	0	0.55	1	0	1	540.011	354.205	16.9637	0	0
web	0	0.1	0	0.55	0	0	0	540.011	374.496	18.1746	0	0
interface	0	0.1	0	0.55	0	0	0	540.011	395.998	38.0509	0	0
of	0	0.1	0	0.55	0	0	1	540.011	437.365	9.08728	0	0
the	0	0.1	0	0.55	0	0	0	540.011	449.78	13.3309	0	0
tool	0	0.1	0	0.55	0	0	0	540.011	466.438	16.9746	0	0
is	0	0.1	0	0.55	0	0	0	540.011	486.729	7.27637	0	0
shown	0	0.1	0	0.55	0	0	0	540.011	497.333	28.2109	0	0
00	00	00	00	00	00	00	00	00	00	00	00	00
00	00	00	00	00	00	00	00	00	00	00	00	00
00	00	00	00	00	00	00	00	00	00	00	00	00
in	0	0.1	0	0.55	0	0	0	553.56	72	8.48728	0	0
Figure	0	0.1	0	0.55	1	0	0	553.56	83.8473	28.4837	0	0
2(b).	0	0.1	0	0.55	0	0	0	553.56	115.691	20.9018	0	0
We	0	0.1	0	0.55	1	0	0	553.56	141.884	14.2691	0	0
leverage	0	0.1	0	0.55	0	0	0	553.56	159.513	36.5128	0	0
the	0	0.1	0	0.55	0	0	0	553.56	199.386	13.3309	0	0
rich	0	0.1	0	0.55	0	0	0	553.56	216.076	16.9637	0	0
information	0	0.1	0	0.55	0	0	0	553.56	236.4	51.5128	0	0
present	0	0.1	0	0.55	0	0	0	553.56	291.273	31.5055	0	0
in	0	0.1	0	0.55	0	0	0	553.56	326.138	8.48728	0	0
the	0	0.1	0	0.55	0	0	0	553.56	337.986	13.3309	0	0
XML	0	0.1	0	0.55	1	0	0	553.56	354.677	24.24	0	0
ﬁles	0	0.1	0	0.55	0	0	0	553.56	382.288	18.1746	0	0
to	0	0.1	0	0.55	0	0	0	553.56	403.833	8.48728	0	0
perform	0	0.1	0	0.55	0	0	0	553.56	415.68	35.1382	0	0
extraction	0	0.1	0	0.55	0	0	0	553.56	454.179	43.4619	0	0
tasks.	0	0.1	0	0.55	0	0	0	553.56	501	24.5455	0	0
00	00	00	00	00	00	00	00	00	00	00	00	00
00	00	00	00	00	00	00	00	00	00	00	00	00
00	00	00	00	00	00	00	00	00	00	00	00	00
Although	0	0.11	0	0.55	1	0	0	567.109	72	41.2146	0	0
each	0	0.11	0	0.55	0	0	0	567.109	116.465	19.9855	0	0
extraction	0	0.11	0	0.55	0	0	0	567.109	139.713	43.4619	0	0
task	0	0.11	0	0.55	0	0	0	567.109	186.426	17.5746	0	0
described	0	0.11	0	0.55	0	0	0	567.109	207.262	41.8037	0	0
below	0	0.11	0	0.55	0	0	0	567.109	252.317	26.3891	0	0
is	0	0.11	0	0.55	0	0	0	567.109	281.967	7.27637	0	0
performed	0	0.11	0	0.55	0	0	0	567.109	292.495	45.4364	0	0
using	0	0.11	0	0.55	0	0	0	567.109	341.182	23.64	0	0
machine	0	0.11	0	0.55	0	0	0	567.109	368.084	36.96	0	0
learning	0	0.11	0	0.55	0	0	0	567.109	408.295	35.7491	0	0
models	0	0.11	0	0.55	0	0	0	567.109	447.306	31.5164	0	0
as	0	0.11	0	0.55	0	0	0	567.109	482.073	9.08728	0	0
well	0	0.11	0	0.55	0	0	0	567.109	494.411	18.7855	0	0
as	0	0.11	0	0.55	0	0	0	567.109	516.459	9.08728	0	0
00	00	00	00	00	00	00	00	00	00	00	00	00
00	00	00	00	00	00	00	00	00	00	00	00	00
00	00	00	00	00	00	00	00	00	00	00	00	00
hand	0	0.11	0	0.55	0	0	0	580.659	72	21.2073	0	0
written	0	0.11	0	0.55	0	0	0	580.659	95.9237	30.9055	0	0
rules/heuristics,	0	0.11	0	0.55	0	1	0	580.659	129.546	68.7819	0	0
we	0	0.11	0	0.55	0	0	0	580.659	201.055	12.72	0	0
only	0	0.11	0	0.55	0	0	0	580.659	216.491	19.3964	0	0
include	0	0.11	0	0.55	0	0	0	580.659	238.604	32.1164	0	0
the	0	0.11	0	0.55	0	0	0	580.659	273.437	13.3309	0	0
better	0	0.11	0	0.55	0	0	0	580.659	289.495	24.84	0	0
performing	0	0.11	0	0.55	0	0	0	580.659	317.051	49.08	0	0
scheme	0	0.11	0	0.55	0	0	0	580.659	368.848	32.7164	0	0
in	0	0.11	0	0.55	0	0	0	580.659	404.28	8.48728	0	0
our	0	0.11	0	0.55	0	0	0	580.659	415.495	14.5418	0	0
framework.	0	0.11	0	0.55	0	0	0	580.659	432.753	50.2037	0	0
Next,	0	0.11	0	0.55	1	1	0	580.659	486.328	23.7709	0	0
we	0	0.11	0	0.55	0	0	0	580.659	512.826	12.72	0	0
00	00	00	00	00	00	00	00	00	00	00	00	00
00	00	00	00	00	00	00	00	00	00	00	00	00
00	00	00	00	00	00	00	00	00	00	00	00	00
describe	0	0.11	0	0.55	0	0	0	594.208	72	36.3491	0	0
each	0	0.11	0	0.55	0	0	0	594.208	111.076	19.9855	0	0
extraction	0	0.11	0	0.55	0	0	0	594.208	133.789	43.4619	0	0
task	0	0.11	0	0.55	0	0	0	594.208	179.978	17.5746	0	0
in	0	0.11	0	0.55	0	0	0	594.208	200.28	8.48728	0	0
detail.	0	0.11	0	0.55	0	0	0	594.208	211.495	26.9673	0	0
00	00	00	00	00	00	00	00	00	00	00	00	00
00	00	00	00	00	00	00	00	00	00	00	00	00
00	00	00	00	00	00	00	00	00	00	00	00	00
2.1	0	0.11	0	0.55	0	0	0	613.126	72	13.6364	0	0
Chunking	0	0.11	0	0.55	1	0	0	613.126	96.5455	46.6909	0	0
00	00	00	00	00	00	00	00	00	00	00	00	00
00	00	00	00	00	00	00	00	00	00	00	00	00
00	00	00	00	00	00	00	00	00	00	00	00	00
As	0	0.11	0	0.55	1	0	0	627.898	72	12.12	0	0
a	0	0.11	0	0.55	0	0	0	627.898	88.1564	4.84364	0	0
ﬁrst	0	0.11	0	0.55	0	0	0	627.898	97.0255	16.9746	0	0
step,	0	0.11	0	0.55	0	1	0	627.898	118.036	20.3018	0	0
we	0	0.11	0	0.55	0	0	0	627.898	142.702	12.72	0	0
segment	0	0.11	0	0.55	0	0	0	627.898	159.447	36.1964	0	0
XML	0	0.11	0	0.55	1	0	0	627.898	199.68	24.24	0	0
text	0	0.11	0	0.55	0	0	0	627.898	227.956	16.2	0	0
into	0	0.11	0	0.55	0	0	0	627.898	248.182	16.9746	0	0
chunks	0	0.11	0	0.55	0	0	0	628.007	269.193	30.1309	0	0
by	0	0.11	0	0.55	0	0	0	627.898	303.357	10.9091	0	0
measuring	0	0.11	0	0.55	0	0	0	627.898	318.302	45.4473	0	0
distance	0	0.11	0	0.55	0	0	0	627.898	367.775	35.7491	0	0
from	0	0.11	0	0.55	0	0	0	627.898	407.561	21.2073	0	0
neighboring	0	0.11	0	0.55	0	0	0	627.898	432.804	52.7237	0	0
text	0	0.11	0	0.55	0	0	0	627.898	489.554	16.2	0	0
and	0	0.11	0	0.55	0	0	1	627.898	509.79	15.7527	0	0
00	00	00	00	00	00	00	00	00	00	00	00	00
00	00	00	00	00	00	00	00	00	00	00	00	00
00	00	00	00	00	00	00	00	00	00	00	00	00
differentiating	0	0.11	0	0.55	0	0	0	641.448	72	62.1382	0	0
from	0	0.11	0	0.55	0	0	0	641.448	136.866	21.2073	0	0
the	0	0.11	0	0.55	0	0	0	641.448	160.8	13.3309	0	0
surrounding	0	0.11	0	0.55	0	0	0	641.448	176.858	52.7237	0	0
text	0	0.11	0	0.55	0	0	0	641.448	232.309	16.2	0	0
properties	0	0.11	0	0.55	0	0	0	641.448	251.237	43.6255	0	0
such	0	0.11	0	0.55	0	0	0	641.448	297.589	19.9964	0	0
as	0	0.11	0	0.55	0	0	0	641.448	320.313	9.08728	0	0
font-size	0	0.11	0	0.55	0	0	0	641.448	332.127	38.1709	0	0
and	0	0.11	0	0.55	0	0	1	641.448	373.026	15.7527	0	0
bold-text.	0	0.11	0	0.55	0	0	0	641.448	391.506	41.9564	0	0
00	00	00	00	00	00	00	00	00	00	00	00	00
00	00	00	00	00	00	00	00	00	00	00	00	00
00	00	00	00	00	00	00	00	00	00	00	00	00
2.2	0	0.12	0	0.55	0	0	0	660.366	72	13.6364	0	0
Title	0	0.12	0	0.55	1	0	0	660.366	96.5455	21.6218	0	0
extraction	0	0.12	0	0.55	0	0	0	660.366	120.895	47.2582	0	0
00	00	00	00	00	00	00	00	00	00	00	00	00
00	00	00	00	00	00	00	00	00	00	00	00	00
00	00	00	00	00	00	00	00	00	00	00	00	00
We	0	0.12	0	0.55	1	0	0	675.138	72	14.2691	0	0
train	0	0.12	0	0.55	0	0	0	675.138	90.0546	19.9964	0	0
a	0	0.12	0	0.55	0	0	0	675.138	113.836	4.84364	0	0
CRF	0	0.12	0	0.55	1	0	0	675.138	122.476	20.6182	0	0
model	0	0.12	0	0.55	0	0	0	675.138	146.88	27.2728	0	0
to	0	0.12	0	0.55	0	0	0	675.138	177.938	8.48728	0	0
label	0	0.12	0	0.55	0	0	0	675.138	190.211	21.2073	0	0
the	0	0.12	0	0.55	0	0	0	675.138	215.204	13.3309	0	0
token	0	0.12	0	0.55	0	0	0	675.138	232.331	24.1309	0	0
sequences	0	0.12	0	0.55	0	0	0	675.138	260.247	44.2255	0	0
using	0	0.12	0	0.55	0	0	0	675.138	308.258	23.64	0	0
6300	0	0.12	0	0.55	0	0	0	675.138	335.684	21.8182	0	0
training	0	0.12	0	0.55	0	0	0	675.138	361.298	33.9382	0	0
instances.	0	0.12	0	0.55	0	0	0	675.138	399.022	42.72	0	0
Features	0	0.12	0	0.55	1	0	0	675.138	448.298	36.96	0	0
are	0	0.12	0	0.55	0	0	0	675.138	489.055	13.32	0	0
con-	0	0.12	0	0.55	0	0	0	675.138	506.16	19.3855	0	0
00	00	00	00	00	00	00	00	00	00	00	00	00
00	00	00	00	00	00	00	00	00	00	00	00	00
00	00	00	00	00	00	00	00	00	00	00	00	00
structed	0	0.12	0	0.55	0	0	0	688.687	72	34.5382	0	0
based	0	0.12	0	0.55	0	0	0	688.687	109.44	24.84	0	0
on	0	0.12	0	0.55	0	0	0	688.687	137.182	10.9091	0	0
generic	0	0.12	0	0.55	0	0	0	688.687	150.982	32.1055	0	0
characteristics	0	0.12	0	0.55	0	0	0	688.687	185.989	62.4001	0	0
of	0	0.12	0	0.55	0	0	1	688.687	251.291	9.08728	0	0
formatting	0	0.12	0	0.55	0	0	0	688.687	263.28	46.0582	0	0
styles.	0	0.12	0	0.55	0	0	0	688.687	312.24	27.5673	0	0
Token	0	0.12	0	0.55	1	0	0	688.687	343.713	26.8909	0	0
level	0	0.12	0	0.55	0	0	0	688.687	373.506	20.7709	0	0
feature	0	0.12	0	0.55	0	0	0	688.687	397.178	30.2837	0	0
set	0	0.12	0	0.55	0	0	0	688.687	430.353	12.12	0	0
includes	0	0.12	0	0.55	0	0	0	688.687	445.375	36.36	0	0
boldness,	0	0.12	0	0.55	0	1	0	688.687	484.637	40.9091	0	0
00	00	00	00	00	00	00	00	00	00	00	00	00
00	00	00	00	00	00	00	00	00	00	00	00	00
00	00	00	00	00	00	00	00	00	00	00	00	00
relative	0	0.12	0	0.55	0	0	0	702.237	72	32.28	0	0
position	0	0.12	0	0.55	0	0	0	702.237	108.164	35.16	0	0
in	0	0.12	0	0.55	0	0	0	702.237	147.218	8.48728	0	0
the	0	0.12	0	0.55	0	0	0	702.237	159.589	13.3309	0	0
paper,	0	0.12	0	0.55	0	1	0	702.237	176.815	26.52	0	0
relative	0	0.12	0	0.55	0	0	0	702.237	207.513	32.2691	0	0
position	0	0.12	0	0.55	0	0	0	702.237	243.677	35.16	0	0
in	0	0.12	0	0.55	0	0	0	702.237	282.72	8.48728	0	0
the	0	0.12	0	0.55	0	0	0	702.237	295.102	13.3309	0	0
ﬁrst	0	0.12	0	0.55	0	0	0	702.237	312.317	16.9746	0	0
chunk,	0	0.12	0	0.55	0	1	0	702.237	333.175	29.3891	0	0
relative	0	0.12	0	0.55	0	0	0	702.237	366.742	32.28	0	0
size,	0	0.12	0	0.55	0	1	0	702.237	402.917	19.6909	0	0
case	0	0.12	0	0.55	0	0	0	702.237	426.786	18.7746	0	0
of	0	0.12	0	0.55	0	0	1	702.237	449.444	9.08728	0	0
ﬁrst	0	0.12	0	0.55	0	0	0	702.237	462.426	16.9746	0	0
character,	0	0.12	0	0.55	0	1	0	702.237	483.284	42.2619	0	0
00	00	00	00	00	00	00	00	00	00	00	00	00
00	00	00	00	00	00	00	00	00	00	00	00	00
00	00	00	00	00	00	00	00	00	00	00	00	00
boldness	0	0.12	0	0.55	0	0	0	715.786	72	38.1818	0	0
+	0	0.12	0	0.55	0	0	0	715.786	113.825	6.15273	0	0
relative	0	0.12	0	0.55	0	0	0	715.786	123.622	32.28	0	0
font	0	0.12	0	0.55	0	0	0	715.786	159.546	17.5746	0	0
size	0	0.12	0	0.55	0	0	0	715.786	180.764	16.9637	0	0
overall,	0	0.12	0	0.55	0	1	0	715.786	201.371	32.6946	0	0
case	0	0.12	0	0.55	0	0	0	715.786	237.938	18.7746	0	0
of	0	0.12	0	0.55	0	0	1	715.786	260.357	9.08728	0	0
ﬁrst	0	0.12	0	0.55	0	0	0	715.786	273.077	16.9746	0	0
character	0	0.12	0	0.55	0	0	0	715.786	293.695	39.9709	0	0
in	0	0.12	0	0.55	0	0	0	715.786	337.309	8.48728	0	0
present	0	0.12	0	0.55	0	0	0	715.786	349.44	31.5055	0	0
and	0	0.12	0	0.55	0	0	1	715.786	384.589	15.7527	0	0
next	0	0.12	0	0.55	0	0	0	715.786	403.986	18.6218	0	0
token	0	0.12	0	0.55	0	0	0	715.786	426.251	24.1309	0	0
and	0	0.12	0	0.55	0	0	1	715.786	454.026	15.7527	0	0
case	0	0.12	0	0.55	0	0	0	715.786	473.422	18.7746	0	0
of	0	0.12	0	0.55	0	0	1	715.786	495.84	9.08728	0	0
ﬁrst	0	0.12	0	0.55	0	0	0	715.786	508.571	16.9746	0	0
00	00	00	00	00	00	00	00	00	00	00	00	00
00	00	00	00	00	00	00	00	00	00	00	00	00
00	00	00	00	00	00	00	00	00	00	00	00	00
character	0	0.12	0	0.55	0	0	0	729.335	72	39.9709	0	0
in	0	0.12	0	0.55	0	0	0	729.335	114.698	8.48728	0	0
present	0	0.12	0	0.55	0	0	0	729.335	125.913	31.5055	0	0
and	0	0.12	0	0.55	0	0	1	729.335	160.146	15.7527	0	0
previous	0	0.12	0	0.55	0	0	0	729.335	178.626	37.2982	0	0
token.	0	0.12	0	0.55	0	0	0	729.335	218.651	26.8582	0	0
00	00	00	00	00	00	00	00	00	00	00	00	00
00	00	00	00	00	00	00	00	00	00	00	00	00
00	00	00	00	00	00	00	00	00	00	00	00	00
8	0	0.12	0	0.3	0	0	0	744.229	84.653	2.9888	0	0
00	00	00	00	00	00	00	00	00	00	00	00	00
http://www.tei-c.org/index.xml	0	0.12	0	0.45	0	0	0	746.012	88.139	110.95	0	0
00	00	00	00	00	00	00	00	00	00	00	00	00
00	00	00	00	00	00	00	00	00	00	00	00	00
00	00	00	00	00	00	00	00	00	00	00	00	00
9	0	0.13	0	0.3	0	0	0	755.104	84.653	2.9888	0	0
00	00	00	00	00	00	00	00	00	00	00	00	00
http://sourceforge.net/projects/pdf2xml/	0	0.13	0	0.45	0	0	0	756.887	88.139	143.041	0	0
00	00	00	00	00	00	00	00	00	00	00	00	00
00	00	00	00	00	00	00	00	00	00	00	00	00
00	00	00	00	00	00	00	00	00	00	00	00	00
